54.3643 13.4771 2.5109540825896044 Putbus  04024
53.7123 7.1519 1.8634524678269706 Norderney  03631
51.3151 12.4462 2.211006013899901 Leipzig-Holzhausen  02928
50.6879 12.4329 2.0344343235372406 Lichtentanne  05797
53.9995 11.4341 2.2559239255819303 Kirchdorf/Poel  02578
47.421 10.9848 1.519329737034532 Zugspitze  05792
50.9251 11.583 2.3732010936240755 Jena (Sternwarte)  02444
49.4262 7.7557 2.2232845953780664 Kaiserslautern  02486
53.3222 11.9321 2.8693335020780832 Marnitz  03196
51.7658 10.6533 2.189170458464596 Wernigerode-Schierke  04445
51.7612 6.0954 1.7770875481059978 Kleve  02629
49.7326 6.6131 1.8860883335500844 Trier-Zewen  05099
53.0316 13.9908 2.2757506695060936 Angermünde  00164
47.3984 10.2759 1.7025817313275855 Oberstdorf  03730
51.1803 8.4891 1.8854830286569948 Kahler Asten  02483
51.5002 9.9507 1.8336618457534009 Göttingen  01691
51.7234 10.6021 1.7837336226471017 Braunlage  00656
54.575 13.1044 2.614859074160636 Hiddensee-Vitte  02201
51.1278 13.7543 2.312152382584312 Dresden-Klotzsche  01048
51.4347 12.2396 2.5856288894156503 Leipzig/Halle  02932
49.5182 9.3213 2.0777054319943424 Buchen, Kr. Neckar-Odenwald  00755
51.4041 6.9677 1.7865981295830373 Essen-Bredeney  01303
52.1042 8.7521 1.4912132318932674 Salzuflen, Bad  04371
52.9604 9.793 1.8577300853610446 Soltau  04745
51.1604 14.5042 2.035975909343213 Kubschütz, Kr. Bautzen  00314
51.0249 13.7751 2.009653847195784 Dresden-Strehlen  01051
47.483 11.0621 1.9751662427653622 Garmisch-Partenkirchen  01550
53.6332 9.9881 2.016557234267463 Hamburg-Fuhlsbüttel  01975
52.4644 9.6779 2.1244156875050706 Hannover  02014
51.9002 10.5699 2.596599798097966 Harzburg, Bad  02039
50.2218 8.4469 1.7477336709099953 Kleiner Feldberg/Taunus  02601
50.6545 10.7696 2.046129417122998 Schmücke  04501
50.4973 9.9427 1.894026603836914 Wasserkuppe  05371
49.6051 8.3659 1.397445546230081 Worms  05692
49.5063 8.5584 1.9405176588053124 Mannheim  05906
51.566 14.7008 2.5086813095744738 Muskau, Bad  03426
48.4024 11.6946 1.7206482827131255 Weihenstephan-Dürnast  05404
53.7445 14.0698 2.457634301465472 Ueckermünde  05142
49.5617 8.9673 1.8165984975436409 Oberzent-Beerfelden  00330
50.7119 6.7905 2.06341399314649 Weilerswist-Lommersum  01327
50.737 7.6525 1.7554067105974287 Hilgenroth  02211
55.011 8.4125 1.8121655397688752 List auf Sylt  03032
47.4779 11.2653 0.678759046851634 Mittenwald-Buckelwiesen  03307
52.5176 14.1232 2.2953054764214453 Müncheberg  03376
51.904 10.1885 2.328815508083439 Seesen  04651
51.8891 12.6446 2.4375716182849505 Wittenberg  05629
51.2256 7.1052 1.6336543860830908 Wuppertal-Buchenhofen  05717
51.6646 10.8811 1.9630028555159287 Oberharz am Brocken-Stiege  04878
51.254 8.1565 1.2581411478049933 Eslohe  01300
50.4383 7.8061 2.0252644646387594 Montabaur  03340
50.6017 8.6439 1.575423187513918 Gießen/Wettenberg  01639
47.8774 11.3643 1.7921826350255419 Attenkam  00217
48.9895 10.1312 1.98870877718333 Ellwangen-Rindelbach  01197
48.8548 12.9189 2.0733974720084003 Metten  03271
51.296 13.0928 3.2598024831306294 Oschatz  03811
47.8749 8.0038 1.5948412516056325 Feldberg/Schwarzwald  01346
50.9894 6.9777 1.5271229206105552 Köln-Stammheim  02968
51.7953 11.132 2.0375903743974817 Quedlinburg  04032
48.0311 12.5396 1.5352909579152314 Trostberg  05111
50.8963 10.5483 1.9986246077953638 Waltershausen  05335
47.6754 12.4698 2.4502307788032436 Reit im Winkl  05941
51.652 11.1366 2.5796535387220816 Harzgerode  02044
52.9362 12.4093 2.271498329531365 Kyritz  02794
53.8713 8.7058 1.8819551007055928 Cuxhaven  00891
50.224 10.0792 1.629029395869022 Kissingen, Bad  02597
50.8492 8.7745 1.8774019975315994 Cölbe, Kr. Marburg-Biedenkopf  03164
48.3851 9.4837 1.8056885336133996 Münsingen-Apfelstetten  03402
47.8062 9.6206 1.8051554810854853 Weingarten, Kr. Ravensburg  04094
53.1288 9.3398 1.7292060931221105 Rotenburg (Wümme)  04275
49.4691 11.8546 2.354938717461698 Amberg-Unterammersricht  00151
54.6791 13.4344 1.9234124614877066 Arkona  00183
48.4253 10.9417 1.5643187821651452 Augsburg  00232
47.8064 7.6387 1.8720658987512167 Müllheim  00259
54.3405 12.7108 2.246908676698313 Barth  00298
49.107 7.9967 1.9717144554310977 Bergzabern, Bad  00377
50.0372 7.3079 1.5256328991491444 Blankenrath  00535
53.3911 10.6878 2.6217826993106357 Boizenburg  00591
54.0027 11.1908 1.8040753604568014 Boltenhagen  00596
50.3066 10.9679 1.6712884588438026 Lautertal-Oberlauter  00867
52.5129 11.3942 2.452272339076824 Gardelegen  01544
53.6058 12.1034 2.572590730087777 Goldberg  01694
48.3752 8.98 1.7837212122524253 Hechingen  02074
50.8992 14.7456 1.587555267346989 Bertsdorf-Hörnitz  02252
50.3123 11.876 2.4246441618955714 Hof  02261
50.0643 8.993 2.1122457553513883 Kahl/Main  02480
50.5014 6.5264 1.8548093028388628 Kall-Sistig  02497
48.1054 8.7548 1.9120863885355739 Klippeneck  02638
52.2085 14.118 2.3176997597782822 Lindenberg  03015
49.4773 9.7622 2.2587650371906562 Mergentheim, Bad-Neunkirchen  03257
50.3574 8.7506 2.3629428378958544 Nauheim, Bad  03442
50.8923 9.405 2.055865524756043 Neukirchen-Hauptschwenda  03527
52.6711 9.2229 1.849775378021418 Nienburg  03612
48.8253 10.5067 2.036755332389692 Reimlingen  03621
47.6187 12.1665 1.340160409548858 Kiefersfelden-Gach  03679
49.207 9.5176 2.4423140668706136 Öhringen  03761
54.1803 12.0808 2.2109209665620586 Rostock-Warnemünde  04271
49.8502 7.871 3.057770033948998 Kreuznach, Bad  04301
54.5275 9.5487 1.9270650030234222 Schleswig  04466
48.6656 9.8648 1.9490831956495995 Stötten  04887
53.7611 12.5574 2.3819970549503875 Teterow  05009
48.0453 8.4608 2.0401035979753077 Villingen-Schwenningen  05229
49.6662 12.1844 2.2732061442372347 Weiden  05397
51.8454 10.7686 2.442715254504522 Wernigerode  05490
49.7704 9.9576 2.1306699296282794 Würzburg  05705
53.0643 7.902 1.6755605483535412 Friesoythe-Altenoythe  01503
51.3909 11.8786 1.5599594537864672 Lauchstädt, Bad  02878
49.3848 10.1732 2.0434193014286013 Rothenburg ob der Tauber  04287
50.7364 8.2672 1.545121998987744 Dillenburg  00979
54.2437 13.9102 1.325282719387742 Greifswalder Oie  01759
51.2041 10.0138 1.9277763223757898 Eschwege  01297
52.4675 13.4021 2.1331817872024263 Berlin-Tempelhof  00433
49.9807 11.8376 2.1821448031491855 Fichtelberg/Oberfranken-Hüttstadl  01357
49.9656 8.2139 1.4219108221745156 Mainz-Lerchenberg (ZDF)  03137
50.5346 7.0853 1.0118989921099288 Neuenahr, Bad-Ahrweiler  03490
48.9726 8.3301 3.111075365231269 Rheinstetten  04177
50.4002 11.3888 1.699427217791368 Teuschnitz  05017
49.7479 6.6583 2.025317785543578 Trier-Petrisberg  05100
54.5283 11.0606 1.9610705986886714 Fehmarn  05516
50.2705 12.2742 1.886953598215615 Elster, Bad-Sohl  01207
51.6451 13.5747 2.4487578930300185 Doberlug-Kirchhain  01001
52.9663 13.3268 2.036349484492515 Zehdenick  05745
49.4521 12.4365 1.8989605674540888 Oberviechtach  03739
48.727 8.2457 1.5159324058212498 Baden-Baden-Geroldsau  00257
49.8743 10.9206 1.9680697014921407 Bamberg  00282
53.5332 8.5761 1.9341075497060523 Bremerhaven  00701
51.0221 13.847 1.566472479927766 Dresden-Hosterwitz  01050
49.6497 11.0075 2.1896600984181838 Möhrendorf-Kleinseebach  01279
50.0259 8.5213 2.4009044967207807 Frankfurt/Main  01420
48.4538 8.409 2.225813178832623 Freudenstadt  01468
50.5668 9.6532 1.5693370983682886 Fulda-Horas  01526
50.9656 9.05 1.7540417735089955 Gilserberg-Moischeid  01645
50.852 9.7377 1.6186350047898888 Hersfeld, Bad  02171
50.2524 11.3209 1.4511344896901281 Kronach  02750
48.5122 9.7644 1.9901011853229393 Merklingen  02814
50.4925 9.1226 1.9346985636533116 Schotten  04560
51.0507 13.3003 2.1855851718635115 Nossen  06314
51.0177 11.3544 2.4665591629792836 Weimar-Schöndorf  05424
51.0778 10.8619 2.012143328077997 Dachwig  00896
50.6441 11.1936 1.9574104999368345 Schwarzburg  04605
50.5309 10.0479 2.5493096551535706 Birx/Rhön  01411
52.4537 13.3017 1.979074610049313 Berlin-Dahlem (FU)  00403
48.3647 7.828 1.713165104804098 Lahr  02812
49.151 11.6896 1.7838864374360046 Parsberg/Oberpfalz-Eglwang  03875
49.1912 7.5879 2.610036489699972 Pirmasens  03939
47.8753 12.128 1.8308152431746514 Rosenheim  04261
49.7619 7.0542 1.8576928169446703 Deuselbach  00953
49.7273 8.1164 1.9924764279299616 Alzey  00150
49.2641 6.6868 1.9309153406774158 Berus  00460
50.9829 10.9608 2.1487688854348974 Erfurt-Weimar  01270
53.5731 10.6797 2.2680095218400638 Grambek  01736
51.8529 9.4953 2.1518855225663973 Bevern, Kr. Holzminden  02323
50.284 10.4456 1.5651572786396457 Königshofen, Bad  02680
51.7854 8.8388 1.7209861065681071 Lippspringe, Bad  03028
52.4461 8.5906 2.0866617766957916 Rahden-Kleinendorf  04063
49.2128 7.1077 1.9542267595416352 Saarbrücken-Ensheim  04336
54.3279 8.6031 1.792046946599136 Sankt Peter-Ording  04393
48.0719 9.1943 1.8388470931996137 Sigmaringen-Laiz  04703
48.8275 12.5597 2.0045408220032943 Straubing  04911
52.9414 10.5289 2.0244116674209067 Uelzen  05146
51.6194 9.5749 1.302972437487476 Wesertal-Lippoldsberg  05279
50.2596 8.3607 2.0805107051736744 Waldems-Reinborn  05300
49.5741 10.1915 2.0162042661662944 Gollhofen  05149
50.5679 11.8041 2.539646519772022 Schleiz  04464
49.4719 8.1929 2.239165599710674 Dürkheim, Bad  01072
50.8812 12.1289 2.401349700655719 Gera-Leumnitz  01612
49.9445 6.3821 1.8767581813987118 Olsdorf  01964
47.7233 10.3348 2.3538102156668366 Kempten  02559
53.2758 8.9857 2.1237127819547705 Worpswede-Hüttenbusch  05014
50.4505 11.635 2.0113916927275293 Lobenstein, Bad  03034
54.175 7.892 1.5426219458234058 Helgoland  02115
52.5881 8.3424 1.9630024727482827 Diepholz  00963
51.0314 12.1495 1.7642108829468786 Zeitz  05750
51.0306 8.8146 2.5691462418358455 Burgwald-Bottendorf  00817
48.7548 12.2118 2.02944281948502 Mallersdorf-Pfaffenberg-Oberlindhart  03147
52.3875 12.1602 2.2287131671575615 Genthin  01605
48.279 12.5024 2.0020641729930464 Mühldorf  03366
50.2968 6.4194 1.6406200811017575 Schneifelforsthaus  04508
48.6883 9.2235 2.2722939825828306 Stuttgart-Echterdingen  04931
49.3758 8.1212 1.9471881956216732 Weinbiet  05426
51.3895 11.5412 1.3821831345025828 Querfurt-Mühle Lodersleben  04036
52.6198 12.7867 2.128916568859445 Berge  05825
47.559 7.7721 2.1610059194599245 Rheinfelden  04175
51.3744 11.292 2.421830078685961 Artern  00198
50.9075 11.2665 1.4403409485883811 Berka, Bad (Flugplatz)  00379
50.9116 13.7087 1.9560691622553694 Dippoldiswalde-Reinberg  00991
52.9724 11.1374 2.4712284368122663 Lüchow  03093
48.406 11.3117 2.1923054457551476 Altomünster-Maisbrunn  00142
48.8777 11.2349 1.8152678149416204 Eichstätt-Landershofen  01161
50.5003 11.1345 1.305821120059174 Neuhaus am Rennweg  03513
50.6511 13.1469 2.170491583529433 Marienberg  03166
49.3278 12.0871 2.7808549321354024 Schwandorf  04592
51.1294 13.4328 2.2116214407277326 Garsebach bei Meißen  03234
52.3807 13.5306 2.6661732006857264 Berlin Brandenburg  00427
51.3932 10.3123 2.362016919185116 Leinefelde  02925
49.5534 6.812 1.9337790399711352 Weiskirchen/Saar  05433
48.1815 8.6356 1.4860963714467932 Rottweil  04300
50.8646 7.1575 1.948971268223902 Köln-Bonn  02667
50.8458 10.4803 1.6932492423341436 Kleiner Inselsberg  02618
47.9345 9.2869 1.6229656928101894 Pfullendorf  03927
48.6703 7.9939 2.2692851749770515 Rheinau-Memprechtshofen  04169
48.8281 9.2 2.1897793380458346 Stuttgart (Schnarrenberg)  04928
48.2953 8.2391 0.9931522576491805 Wolfach  05664
48.6159 13.0506 2.2855592781493783 Aldersbach-Kriestorf  00073
52.9542 7.3196 2.021691049215187 Dörpen  06159
52.4853 7.9126 1.6770745027307736 Alfhausen  00078
52.631 13.5021 2.27201363391484 Berlin-Buch  00400
52.2915 10.4464 2.1353835651905904 Braunschweig  00662
48.8302 11.4872 2.209465750045087 Kösching  02700
47.9821 10.1384 1.3855527690963703 Memmingen  03244
51.0607 9.9266 2.8616831290846703 Sontra  04763
47.6783 8.3801 1.3245806198712078 Wutöschingen-Ofteringen  05731
50.1015 6.8009 1.787756876550615 Manderscheid-Sonnenhof  03155
51.1333 8.0348 1.8061771882268527 Lennestadt-Theten  02947
53.4777 9.8957 2.1199989349075903 Hamburg-Neuwiedenthal  01981
50.6621 7.9603 2.311473616205383 Marienberg, Bad  03167
52.5644 13.3088 2.3481347163558475 Berlin-Tegel  00430
49.852 10.4991 1.7184377692501602 Ebrach  01107
51.0411 6.1042 1.8794228341155748 Heinsberg-Schleiden  02110
51.4942 6.2463 1.9625431825047865 Geldern-Walbeck  01590
54.2992 9.3162 1.741570167197759 Erfde  01266
49.5354 6.3789 1.3207080968534868 Perl-Nennig  03904
50.3518 10.0034 1.9317965642397876 Sandberg  04377
48.4832 12.7241 1.7708962838447722 Falkenberg,Kr.Rottal-Inn  01332
54.0714 12.3238 2.0849654551899475 Groß Lüsewitz  01803
49.8576 12.3542 2.265870481625745 Tirschenreuth-Lodermühl  05046
52.1206 12.4586 1.7743717839225308 Wiesenburg  05546
49.6468 7.8837 1.9519182012954435 Ruppertsecken  04323
51.296 6.7686 1.4770252114294156 Düsseldorf  01078
